 Barra  Nó j  Nó k  Esforço Normal j  Esforço Normal k
     1     1     3           -2.0762           -2.0762
     2     2     4          -10.6714          -10.6714
     3     3     4           10.2979            5.2979
     4     3     5           -5.4418           -5.4418
     5     4     6           -7.3058           -7.3058
     6     5     6           -6.2622           -3.7622

 Barra  Nó j  Nó k  Esforço Cortante j  Esforço Cortante k
     1     1     3             10.0000             10.0000
     2     2     4             -0.0000             -0.0000
     3     3     4             -3.3656             -3.3656
     4     3     5             -0.2979             -0.2979
     5     4     6              5.2979              5.2979
     6     5     6              4.2971             -8.2029

 Barra  Nó j  Nó k  Momento Fletor j  Momento Fletor k
     1     1     3          -18.5120           11.4880
     2     2     4            0.0000           -0.0000
     3     3     4            9.8237           -7.0042
     4     3     5            1.6643            1.0685
     5     4     6           -7.0042            8.8895
     6     5     6            1.0685           -8.8895

 Nó  Reação Horizontal  Reação vertical  Reação Momento
  1              -10.0           2.0762          18.512
  2                0.0          10.6714           0.000
  3                0.0           0.0000          -0.000
  4               -0.0          -0.0000          -0.000
  5                0.0           0.0000          -0.000
  6               -0.0          -0.0000          -0.000

 Nó  Desloc Horizontal  Desloc vertical    Rotação
  1           0.000000        -0.000000  -0.000000
  2          27.842036        -0.000000  -3.487322
  3          38.303964        -0.000006 -10.535976
  4          38.304003        -0.000032  -3.487322
  5          56.444512        -0.000017  -7.803174
  6          56.444493        -0.000054  -0.659483

